95,25,11, 6,17,93,9,5,42,99
8,67,26,25,82, 13,11,33,58,81,39,75
34, 17,46
36,35,30, 77,94,51,9, 40,2
40, 89,2, 34,52, 9,31, 41,80,50
59,10, 18, 73, 10, 78,82,61,23,3
94, 29,3,30,87, 47
53,1, 94
11,2, 14, 30,76,32, 42,17,28,23
100, 20,68,93,8,61,72,48,30,33, 36,52,11, 86
34,91,10,27,65,16,95,29,43,75,66,99, 46,91
24, 4, 3,12, 93,73,47, 19,96, 13,64,99,10
23,45,5,98, 73, 68,21, 11,90,39, 23,23,75, 65,52
66, 43,90,47,60,95,18
78, 91,62,87,24,64,80, 18,89,22, 47,90
76,95,48,79, 60,12, 88, 44,71
68, 57, 31,62,61, 11, 39,92, 29, 88,45,14,49
10,66,2, 92,55,93,6, 16, 38, 93, 68,2, 45,24, 71
