14,90, 49,18, 73,62,10,99, 6, 91, 70,70
65, 34,65,88,65,41,94
10,98,11,56,79, 30, 91,3, 7,96,61
28, 88,78,97,56,97, 60,71,52, 43
73, 40, 80,23,25
31, 89,81,4,85,81
41,49, 79,56, 81,88,5,8,33,44,5
61,73,75,11,75,50,73,30,60, 48,71,40,16
43,39, 21,4,92,27,31,59,8, 83,100,59,39, 19,74
36,49,97,11,38,52, 26,92,87,44, 3,31
22,90,32,81,71,76, 51, 19,78, 79, 58, 66,86,34,88
32,64,35,66,6,46, 26
41,13,49
43,1,55, 12,17, 24
84,41,37,89,13,69,22,4,10, 9,58,43,67
38,65,45, 70,86,16, 21, 16, 34,40
36,28,31,19,51,85, 87,19,4,72,86
71, 87, 35, 94,37,74,51,33
16, 60,40,87,5, 96,46,66,77, 96
