32 8 35 79 43 20 20 
25 7 71 6 68 54 61 67 85 43 
84 40 42 22 17 96 86 10 98 89 67 
94 72 11 85 78 35 
27 91 74 11 96 19 90 
17 33 43 27 26 47 56 22 76 93 71 54 
26 35 9 14 89 44 43 1 88 66 
26 39 56 92 99 68 27 33 86 15 27 58 69 44 
64 2 49 81 54 58 26 7 60 72 
45 19 29 48 63 
41 48 11 42 80 6 70 1 42 97 13 30 5 47 
64 18 25 24 63 79 91 34 76 40 77 54 27 54 
15 61 23 60 24 27 31 4 84 55 
77 77 23 35 73 27 13 59 91 43 
79 88 61 48 61 60 27 59 
6 49 23 85 65 2 2 78 
56 73 51 23 7 49 94 61 22 
45 96 30 59 60 90 
